Days with >=6 consecutive hours of 18-30 kt from 205-235 deg or 305-335 deg,
with EVERY grid cell in the corridor meeting the criterion simultaneously.

=== Region 100% corridor ===
      Jan  Feb  Mar  Apr  May  Jun  Jul  Aug  Sep  Oct  Nov  Dec
year                                                            
2021  1.0  0.0  2.0  1.0  1.0  0.0  0.0  1.0  0.0  3.0  1.0  1.0
2022  0.0  2.0  0.0  1.0  0.0  0.0  0.0  0.0  2.0  1.0  2.0  2.0
2023  1.0  0.0  5.0  0.0  0.0  0.0  1.0  0.0  0.0  1.0  0.0  2.0
2024  2.0  0.0  0.0  1.0  0.0  0.0  0.0  1.0  0.0  0.0  0.0  0.0
2025  1.0  0.0  0.0  0.0  0.0  0.0  0.0  0.0  1.0  0.0  3.0  0.0
2026  1.0  2.0  1.0  0.0  0.0  1.0  0.0  0.0  NaN  NaN  NaN  NaN

=== Region 75% corridor ===
      Jan  Feb  Mar  Apr  May  Jun  Jul  Aug  Sep  Oct  Nov  Dec
year                                                            
2021  2.0  2.0  5.0  2.0  1.0  0.0  2.0  2.0  0.0  5.0  1.0  2.0
2022  2.0  3.0  0.0  1.0  1.0  0.0  0.0  0.0  5.0  6.0  6.0  2.0
2023  4.0  0.0  7.0  0.0  0.0  1.0  3.0  4.0  1.0  4.0  1.0  3.0
2024  5.0  2.0  2.0  1.0  0.0  2.0  0.0  3.0  1.0  1.0  0.0  2.0
2025  2.0  0.0  0.0  0.0  4.0  2.0  1.0  1.0  5.0  1.0  4.0  4.0
2026  2.0  4.0  3.0  0.0  1.0  1.0  0.0  1.0  NaN  NaN  NaN  NaN

=== Region 50% corridor ===
      Jan  Feb  Mar  Apr  May  Jun  Jul  Aug  Sep  Oct  Nov  Dec
year                                                            
2021  2.0  2.0  6.0  3.0  1.0  0.0  2.0  3.0  1.0  5.0  2.0  3.0
2022  3.0  5.0  0.0  1.0  1.0  0.0  0.0  1.0  5.0  6.0  7.0  3.0
2023  5.0  0.0  7.0  0.0  0.0  1.0  3.0  4.0  1.0  4.0  1.0  4.0
2024  5.0  3.0  3.0  4.0  0.0  2.0  0.0  4.0  2.0  2.0  0.0  4.0
2025  3.0  0.0  0.0  0.0  4.0  2.0  1.0  2.0  5.0  2.0  6.0  4.0
2026  2.0  4.0  5.0  0.0  1.0  1.0  0.0  1.0  NaN  NaN  NaN  NaN
